$ANSIBLE_VAULT;1.1;AES256
63333461363465653036346163653130396430313531353063346333653831363835323463383732
6430396434613365353931653731363634336130393237340a613862336361373638333461653830
35356261613965366165373765636238643839363633366663663361346261306131393938323963
6166363937396134330a663962646136633162303533643865626130656262323938663166363630
66366232326534326639323666316632653935613363653031393835366365636536366633356438
62333930653539663731613438343935623563646133323561663830623838646234343964626663
33303537396664303830303262633532323535663839343966346137373732623761313866393861
63656163336166353733326138356264353164653034653265626163323835316435643565313135
37666134613339363264653563383639333066613033326662396231373638656566613334343737
65356432366230393539616432346630623934343038613866313238636130343735633062666130
33306666623238636464613338383762613339363761383833316135386261646239343931613039
36663564393839636539383338646431376135383739653035383532636630353637313564656536
34303731333861623939636563313162313661653632626366386466633037383865646663643137
3765333730306331386238323165363862666262323132383934
