$ANSIBLE_VAULT;1.1;AES256
36353431326664333432653236346232373637353234363064643763343330666366376435363238
6537396165656263376262323761616536376631323261610a303431396633393961313230336131
34353662636364303034366531353839643962396636653930386631303561633430363830656136
3433663831326337300a643737313664363162303365303437333235363865633564613063663430
34666335343161326464353765393836363865376535313961616363373066623361313133643662
64393463363337656261313064393863303837643032323630626131363866373037323038373539
37313232663531383139333565386437623334346661363832643961353262333530636635343033
30383565373931333665373463343332333335393634343461303166666366323033333434363738
37356234653935363930656339366230616239336366663135663133303462393733393638386230
31623265323231383664626163613665333839636238336463396438306539306539646331633263
34316132333932323838636462616265356261383461396633373763666361343439386162633263
63393962373465623961366339666331333465363938316330356530663666613032326234383864
30306436396437303964653765393666303462623763363433353830613361356137323634303066
66336336353066363039653136396139323539346435363936323832303830613132323863663730
64373137626566663834393665373066656632633635633962366433613836346530616137376339
36616563393362363166373533613331323630333965626366383361303030623866393765383535
35323637656263613865656334353565336166656434656565353331333462396635336266326238
39323835623434646331396665313033626134326631336133356162333264343262376137356635
61353965323064626337303937333834376537653366363762346136633932393836653464333961
63353131613137323334363239653361663766396138663035323337306563613932636138653331
32656162323636306363643938333361666465343765353731623330313938306130313530356361
65336232623434333738666462623136323632323931363266353832386630663862366565343433
63333437363161333263323230653561363965393762653538633563363666393334343437623630
34323662383264613530
