$ANSIBLE_VAULT;1.1;AES256
36383166626261646337376266653337373138363166356138666434653938366638356365633036
3766373236356539663065393963393634303464353366310a656133366233303266386130633732
35626432353464626338323739613034386135386439373961373966386230616238363732346232
6432333962303730650a636565653534633031303564303332626436663266653365353266313064
31396133313661353865636234666133376535353633623938613964343237626131343531613465
65323066646433633039356366646133313430383966613339326463393765336639653736303763
62316137396233323535393536616430663433373239333233656137626532663066383764313863
62343734666431623461653862663732643033663464383965313239323933383364656136653135
64623732386238383636343831313436356536653163613862303132623266353638386330323431
39303063643934373231613266376462363635663237613436613336633833373430313430396532
33396566393131313864343064333638386437373532633262383263313863386332376230303166
66626533383964663735366138626336376162376264383365333938633262323532393832346465
35376265393865363833656639366538326661653766313134363230343938306662356333656436
61656139346133343461313638383961353234353139383538306162396531666464303136353564
34363738623139386638316434363139626339366435353038386465613435663464363863326236
62623962346539666130353337323065306663636532653834626333343731353965393162323532
38613861383966613831386262623234623161353135616138343637363432323363396137373965
35653838313963373936393663616530326266343438313862623063653162393736333237333064
62376536633937656433373865393330646533343635646662306663356361623837663131323734
37303564376532393637333331386364653865653961663163393639663265316165616636373432
34313231333131363666353635383061336236653733386661666261333565326165306637333565
65356465646365663839343662336662663233326533316236396364633066353166616437636630
66643032356535313561643839666666363633376134303964356365323863663739646431316465
31326133363965333132663963303931326339323535303262353635303563333061346430346332
62386530333963653137373537343661353232306263353833323832343834323739376231626665
66383762336336343461656136373737643962396265333236303532353732626136643032376337
37353831326465306361616237353739633931636537316635653835656536303530613030393138
63623534626361646432653734366138656538373162333539633938616361643639383732316264
30376262653935383763363866343733643065366538343163373533303865313465333131633561
63346337323031353134333865623663666632353263653939393834653538353264626432336262
39393837623837343533303234366633643234643736373266333030363664303161363030346264
63643730346433343338633962613239336438393737363266656131643137366465313037373636
38316362636531616135626630653330383634623363346432366536373935303366643563343235
38616666653663316335313335613761336466313864353537336465623830633962633933306331
64373565376631643439313639373339336337626561646665306463356334336235336161623566
39373034343663343134326330333961613737303536356531633366396137613234623235313538
36306636333733373835353763643333303633633234633564383236636264333865626530323732
66333966613866386161386133623966636564393565303261366230353036616637656535363935
61393030306238353466383566646330333866633933336236616238376664636564366136313736
32316563303330386230343734636535646238646562383737646666326165353665383563653061
66343838353734666433386133393437373034643166636164376238363763353963363961636361
37303736393338613837653264663939386439656562313632323466306434303166393231643432
62376233633561313637623837303266643261613963393466303663383731353936343137366438
36626461333332663332386633633163366662663435323333613461666437343362646365613537
37613462373030393637346661366236633534363735643930356664306639626566313864393165
65613163633137383862383632613966346330376239646239653137306437623638356431643637
62633039303530626165613035613535313961303166336265396233613964633563303934316463
63643266623861653138623433323431316664623566376662373537663132626238656231666363
30333537653166653164633332356432623966363933366531653738323232343630363666646266
38393266336433333764343130353136333231326462303938353635303434336537653461313330
63613531346633663866303435366164376436663031656237623935643665336134323836666436
39623163393966613566383764393637626261643132393838336263393032613938616564353639
32306362343235333237383263316362356532343434316361623066366431633261613632303433
32346666366430646432366132323132653664636237303165366663663731643563613330653132
35646361373933366262353566333038623336343932653230343638386635386336323765313961
39306536363965343162373335666139363139663039353563343261376565613263393537663930
36636130356362623531633962303837653739323166626566316461653131626337333333353664
39383535666361383362343031616530316166343565623465323430373966353061376462656138
34316137303632323532373336663638663937643034656135396164353935653830623830313764
32356565343231363834343338376636363239316163336334643265663833636463323263383332
63363463373434373661303363316633336136333362313537343932373031663833343233363139
36386363383164393332383638346232306533666437343661383365656661353030343538303134
36623962613435623037663231303639333034613930636136663532346235653065343061383832
32353437373830356261663436613230313739393963393036653337616231363164326661393661
63313435613133663835613336353364633064356262393436613965626665353033636663326438
66363363366564653662346332303734376635613261343332613561383338643166626439333666
37623061636532613563653035333733663234326238626432333633643835323739663034373833
38393039326662623336333834386235313264643839656363373834343262306634393431616165
63376235666665386563653135353166303136333137626437343462326566633137343738626563
34643238636662343965626237323436336465326465386537653538306239366465386564396365
63306235366138623565613362653836333865336535363937643033353737346634646434353331
61646565303734333631313066323238393737366366646531623232333161306135313031313839
35343466343237643835353461623533346566346336326335376434333531613230306134666461
62323831336465303664326363356533643662376538633639303330363264326363666332303965
62376139636533666633303637306434306330366635643464613238386630656662336366393832
32613066613433363834303566353834613132303764383364643331366236636637313536623935
38353261643465393366376161353962386138363133623866356339303835383964343837396263
65366630666230623561313631646561663661353062333231633234396439313434303664303466
63353230626139613065383337323364393565636131373631636539613537393665343334386532
64366462336535396163316533373262353234313733626632646234313462333737323966663638
37386631366465663038633831303430353138656332386361356233326234316130333335356239
38393663363262393963663864303735643462356665303038316133386239373339633036383839
31363766323165613335303861386665376465323435363931666565356464356639376661356533
38396238643032616535656664363336323130326233626138343631363931373230666535303935
31343233346634343165336265316465326264353836633738623065386238396232316534633134
61313366643863613362643833666633353137363939643935316630396365613034386630643462
33613639346539313662366161326233363066386137613533393632616232343236616238646162
66393838616234643539666462353730656164333161636562633535353430656466373832313036
37343966643733303761613338393463343639386530343163613437653734326363346336616130
38363434383434663330643936346239653335373731386565636338303635383565313137643061
30393037336331353165326464663335346339653766363734616262353932353739376565336438
62313962643335313035626461643965306633343530313238373762663039653831646634343335
35613661613137346234336464326563646231613530653833663137396164643565306165323063
36666661626666316164663965373363356338323039333437353266356431646636383636383330
363261363962646231363538663265313231
